============================================================
ORB特征匹配结果报告
============================================================

box.png 关键点数量: 865
box_in_scene.png 关键点数量: 1000
描述子维度: 32

总匹配数量: 287
显示的最佳匹配数量: 50

匹配距离统计:
  最小值: 23.00
  最大值: 84.00
  平均值: 62.98
  中位数: 65.00
  标准差: 11.48

前20个最佳匹配详情:
------------------------------------------------------------
排名    匹配距离        box.png关键点索引        scene.png关键点索引      
------------------------------------------------------------
1     23.00       557                 81                  
2     24.00       684                 276                 
3     27.00       788                 266                 
4     30.00       626                 144                 
5     30.00       683                 25                  
6     31.00       551                 130                 
7     33.00       711                 45                  
8     35.00       630                 54                  
9     35.00       746                 141                 
10    36.00       639                 116                 
11    37.00       677                 344                 
12    37.00       685                 122                 
13    38.00       611                 26                  
14    38.00       662                 188                 
15    38.00       679                 311                 
16    38.00       680                 294                 
17    40.00       624                 127                 
18    40.00       666                 791                 
19    41.00       549                 108                 
20    41.00       665                 187                 

============================================================
匹配算法参数:
  - 匹配器: cv2.BFMatcher
  - 距离度量: cv2.NORM_HAMMING
  - crossCheck: True
  - ORB参数: nfeatures=1000
============================================================
